1 0 40
2 1 47
3 2 25
9 2 52
23 9 17
26 23 20
30 26 25
42 30 36
43 42 38
60 43 46
57 60 51
70 57 53
71 70 14
78 71 33
87 78 53
91 87 48
97 91 45
100 97 47
7 6 51
8 7 15
0 8 32
22 8 20
20 22 16
19 20 29
18 19 13
17 18 33
24 17 26
28 24 18
29 28 73
25 29 27
20 25 19
21 20 37
23 21 50
27 26 18
9 10 36
11 10 53
12 11 53
13 11 78
5 13 54
4 5 35
12 4 41
14 13 33
15 14 76
16 15 41
52 16 133
51 52 50
53 51 48
51 50 72
48 50 28
49 48 32
31 49 34
33 31 23
32 33 42
35 32 55
30 35 45
31 13 63
34 35 17
36 34 27
113 36 22
43 113 45
37 113 53
48 37 67
62 48 53
64 62 48
63 62 61
114 61 52
60 61 83
114 57 87
64 114 80
74 64 73
65 74 26
66 65 29
67 66 25
68 66 17
51 65 98
73 74 53
81 73 48
81 83 36
89 81 50
82 81 48
93 89 50
102 93 90
103 102 40
101 103 42
92 101 91
93 92 78
80 92 98
83 80 44
72 80 37
64 72 66
80 79 77
78 79 89
76 78 82
77 76 26
75 76 80
69 75 48
69 54 55
54 55 28
47 54 95
38 47 40
28 38 34
39 38 39
40 39 36
45 40 40
46 45 37
47 46 38
40 29 34
41 40 38
44 45 38
43 44 49
42 41 48
46 39 40
44 41 39
54 58 41
56 58 33
59 56 40
57 59 46
45 56 93
79 88 50
95 88 50
87 88 88
95 91 90
92 95 75
86 87 85
76 86 51
96 86 49
91 96 83
86 85 79
75 85 52
90 85 46
94 90 18
96 90 79
85 84 47
98 90 46
99 98 46
100 99 163
101 100 167
104 100 42
105 104 39
106 104 24
107 106 88
108 107 74
110 108 29
109 104 266
111 109 72
112 111 25
