0 206 128
1 246 126
2 293 126
3 318 126
4 423 125
5 458 126
6 138 160
7 189 160
8 204 160
9 292 178
10 328 180
11 381 180
12 382 127
13 459 180
14 492 180
15 568 176
16 609 178
17 130 198
18 163 198
19 176 196
20 205 196
21 242 196
22 206 180
23 292 195
24 129 224
25 206 215
26 290 215
27 308 216
28 131 242
29 204 242
30 294 240
31 459 243
32 394 243
33 436 242
34 338 261
35 339 244
36 338 288
37 392 308
38 131 276
39 170 276
40 206 276
41 244 276
42 292 276
43 294 314
44 245 315
45 207 316
46 170 316
47 132 316
48 459 309
49 458 277
50 487 310
51 559 312
52 609 311
53 560 264
54 132 411
55 104 406
56 206 409
57 292 411
58 173 410
59 246 410
60 291 360
61 374 360
62 460 362
63 521 364
64 459 410
65 558 410
66 587 408
67 612 410
68 594 424
69 130 466
70 292 464
71 293 478
72 460 476
73 532 466
74 532 413
75 130 514
76 210 514
77 211 488
78 292 511
79 381 512
80 458 513
81 538 514
82 584 528
83 502 516
84 83 566
85 130 566
86 209 565
87 294 564
88 382 562
89 541 564
90 131 612
91 293 612
92 458 611
93 536 614
94 113 610
95 383 612
96 210 614
97 296 657
98 129 658
99 130 704
100 293 704
101 460 702
102 542 704
103 502 704
104 294 746
105 255 746
106 294 770
107 294 858
108 368 859
109 560 746
110 370 888
111 561 818
112 586 819
113 339 310
114 379 412